p cnf 421 780
1 4 9 10 19 28 29 45 49 55 57 64 71 74 77 82 0
10 20 24 27 29 33 34 36 41 55 58 59 69 70 75 77 0
11 12 19 20 26 28 36 37 38 41 45 46 48 55 57 70 71 79 84 85 0
1 2 6 8 10 18 23 24 25 27 38 45 51 53 57 62 68 74 75 77 79 0
9 12 22 25 33 44 47 51 53 56 57 58 62 71 80 0
4 6 9 12 25 28 29 35 37 48 56 63 64 65 68 74 82 84 0
9 13 15 20 22 25 29 33 43 46 53 54 59 69 71 77 79 80 81 82 83 0
10 19 20 22 25 26 28 38 39 44 48 62 63 64 68 69 71 0
1 5 12 20 26 29 43 44 46 51 52 53 55 56 68 71 72 74 75 77 0
3 7 10 17 30 33 41 45 48 49 51 53 58 70 79 80 82 85 0
2 9 19 20 24 34 42 43 44 45 54 55 66 71 73 76 79 80 83 85 0
9 10 18 23 35 48 58 59 62 70 72 75 79 0
17 24 29 38 44 68 71 72 74 77 80 82 0
4 13 22 23 24 25 28 29 30 41 55 56 58 62 64 66 75 76 77 79 80 82 0
1 4 18 24 25 26 30 45 48 56 60 70 83 0
9 12 16 20 22 29 33 34 55 69 83 0
1 5 6 9 12 18 20 21 35 36 43 46 49 55 72 77 78 80 83 85 0
1 9 12 13 19 22 25 26 27 32 34 46 48 49 50 53 56 57 58 62 73 78 80 82 0
10 19 22 33 34 35 39 40 41 42 45 58 74 77 82 83 0
9 13 37 40 41 45 49 53 59 62 75 77 79 82 83 85 0
1 7 8 17 19 24 27 45 49 54 55 56 72 83 85 0
1 12 17 19 20 23 24 32 38 41 43 44 49 51 54 61 62 66 71 72 78 79 80 83 84 85 0
14 16 19 30 33 43 49 53 56 57 68 77 80 81 0
1 4 5 11 13 22 24 31 34 51 53 56 62 65 67 76 78 79 80 83 0
1 5 9 12 13 28 45 56 60 62 71 85 0
10 22 24 26 29 30 32 49 52 58 63 64 66 68 70 76 78 83 0
7 10 12 28 48 50 52 55 58 70 73 82 85 0
1 6 13 20 24 25 26 28 29 35 37 38 51 54 55 58 62 63 67 69 70 71 79 0
-1 86 0
-87 0
-88 0
-89 0
-2 90 0
-86 90 0
-2 -86 91 0
-87 91 0
-2 -87 92 0
-88 92 0
-2 -88 93 0
-89 93 0
-2 -89 0
-3 94 0
-90 94 0
-3 -90 95 0
-91 95 0
-3 -91 96 0
-92 96 0
-3 -92 97 0
-93 97 0
-3 -93 0
-4 98 0
-94 98 0
-4 -94 99 0
-95 99 0
-4 -95 100 0
-96 100 0
-4 -96 101 0
-97 101 0
-4 -97 0
-5 102 0
-98 102 0
-5 -98 103 0
-99 103 0
-5 -99 104 0
-100 104 0
-5 -100 105 0
-101 105 0
-5 -101 0
-6 106 0
-102 106 0
-6 -102 107 0
-103 107 0
-6 -103 108 0
-104 108 0
-6 -104 109 0
-105 109 0
-6 -105 0
-7 110 0
-106 110 0
-7 -106 111 0
-107 111 0
-7 -107 112 0
-108 112 0
-7 -108 113 0
-109 113 0
-7 -109 0
-8 114 0
-110 114 0
-8 -110 115 0
-111 115 0
-8 -111 116 0
-112 116 0
-8 -112 117 0
-113 117 0
-8 -113 0
-9 118 0
-114 118 0
-9 -114 119 0
-115 119 0
-9 -115 120 0
-116 120 0
-9 -116 121 0
-117 121 0
-9 -117 0
-10 122 0
-118 122 0
-10 -118 123 0
-119 123 0
-10 -119 124 0
-120 124 0
-10 -120 125 0
-121 125 0
-10 -121 0
-11 126 0
-122 126 0
-11 -122 127 0
-123 127 0
-11 -123 128 0
-124 128 0
-11 -124 129 0
-125 129 0
-11 -125 0
-12 130 0
-126 130 0
-12 -126 131 0
-127 131 0
-12 -127 132 0
-128 132 0
-12 -128 133 0
-129 133 0
-12 -129 0
-13 134 0
-130 134 0
-13 -130 135 0
-131 135 0
-13 -131 136 0
-132 136 0
-13 -132 137 0
-133 137 0
-13 -133 0
-14 138 0
-134 138 0
-14 -134 139 0
-135 139 0
-14 -135 140 0
-136 140 0
-14 -136 141 0
-137 141 0
-14 -137 0
-15 142 0
-138 142 0
-15 -138 143 0
-139 143 0
-15 -139 144 0
-140 144 0
-15 -140 145 0
-141 145 0
-15 -141 0
-16 146 0
-142 146 0
-16 -142 147 0
-143 147 0
-16 -143 148 0
-144 148 0
-16 -144 149 0
-145 149 0
-16 -145 0
-17 150 0
-146 150 0
-17 -146 151 0
-147 151 0
-17 -147 152 0
-148 152 0
-17 -148 153 0
-149 153 0
-17 -149 0
-18 154 0
-150 154 0
-18 -150 155 0
-151 155 0
-18 -151 156 0
-152 156 0
-18 -152 157 0
-153 157 0
-18 -153 0
-19 158 0
-154 158 0
-19 -154 159 0
-155 159 0
-19 -155 160 0
-156 160 0
-19 -156 161 0
-157 161 0
-19 -157 0
-20 162 0
-158 162 0
-20 -158 163 0
-159 163 0
-20 -159 164 0
-160 164 0
-20 -160 165 0
-161 165 0
-20 -161 0
-21 166 0
-162 166 0
-21 -162 167 0
-163 167 0
-21 -163 168 0
-164 168 0
-21 -164 169 0
-165 169 0
-21 -165 0
-22 170 0
-166 170 0
-22 -166 171 0
-167 171 0
-22 -167 172 0
-168 172 0
-22 -168 173 0
-169 173 0
-22 -169 0
-23 174 0
-170 174 0
-23 -170 175 0
-171 175 0
-23 -171 176 0
-172 176 0
-23 -172 177 0
-173 177 0
-23 -173 0
-24 178 0
-174 178 0
-24 -174 179 0
-175 179 0
-24 -175 180 0
-176 180 0
-24 -176 181 0
-177 181 0
-24 -177 0
-25 182 0
-178 182 0
-25 -178 183 0
-179 183 0
-25 -179 184 0
-180 184 0
-25 -180 185 0
-181 185 0
-25 -181 0
-26 186 0
-182 186 0
-26 -182 187 0
-183 187 0
-26 -183 188 0
-184 188 0
-26 -184 189 0
-185 189 0
-26 -185 0
-27 190 0
-186 190 0
-27 -186 191 0
-187 191 0
-27 -187 192 0
-188 192 0
-27 -188 193 0
-189 193 0
-27 -189 0
-28 194 0
-190 194 0
-28 -190 195 0
-191 195 0
-28 -191 196 0
-192 196 0
-28 -192 197 0
-193 197 0
-28 -193 0
-29 198 0
-194 198 0
-29 -194 199 0
-195 199 0
-29 -195 200 0
-196 200 0
-29 -196 201 0
-197 201 0
-29 -197 0
-30 202 0
-198 202 0
-30 -198 203 0
-199 203 0
-30 -199 204 0
-200 204 0
-30 -200 205 0
-201 205 0
-30 -201 0
-31 206 0
-202 206 0
-31 -202 207 0
-203 207 0
-31 -203 208 0
-204 208 0
-31 -204 209 0
-205 209 0
-31 -205 0
-32 210 0
-206 210 0
-32 -206 211 0
-207 211 0
-32 -207 212 0
-208 212 0
-32 -208 213 0
-209 213 0
-32 -209 0
-33 214 0
-210 214 0
-33 -210 215 0
-211 215 0
-33 -211 216 0
-212 216 0
-33 -212 217 0
-213 217 0
-33 -213 0
-34 218 0
-214 218 0
-34 -214 219 0
-215 219 0
-34 -215 220 0
-216 220 0
-34 -216 221 0
-217 221 0
-34 -217 0
-35 222 0
-218 222 0
-35 -218 223 0
-219 223 0
-35 -219 224 0
-220 224 0
-35 -220 225 0
-221 225 0
-35 -221 0
-36 226 0
-222 226 0
-36 -222 227 0
-223 227 0
-36 -223 228 0
-224 228 0
-36 -224 229 0
-225 229 0
-36 -225 0
-37 230 0
-226 230 0
-37 -226 231 0
-227 231 0
-37 -227 232 0
-228 232 0
-37 -228 233 0
-229 233 0
-37 -229 0
-38 234 0
-230 234 0
-38 -230 235 0
-231 235 0
-38 -231 236 0
-232 236 0
-38 -232 237 0
-233 237 0
-38 -233 0
-39 238 0
-234 238 0
-39 -234 239 0
-235 239 0
-39 -235 240 0
-236 240 0
-39 -236 241 0
-237 241 0
-39 -237 0
-40 242 0
-238 242 0
-40 -238 243 0
-239 243 0
-40 -239 244 0
-240 244 0
-40 -240 245 0
-241 245 0
-40 -241 0
-41 246 0
-242 246 0
-41 -242 247 0
-243 247 0
-41 -243 248 0
-244 248 0
-41 -244 249 0
-245 249 0
-41 -245 0
-42 250 0
-246 250 0
-42 -246 251 0
-247 251 0
-42 -247 252 0
-248 252 0
-42 -248 253 0
-249 253 0
-42 -249 0
-43 254 0
-250 254 0
-43 -250 255 0
-251 255 0
-43 -251 256 0
-252 256 0
-43 -252 257 0
-253 257 0
-43 -253 0
-44 258 0
-254 258 0
-44 -254 259 0
-255 259 0
-44 -255 260 0
-256 260 0
-44 -256 261 0
-257 261 0
-44 -257 0
-45 262 0
-258 262 0
-45 -258 263 0
-259 263 0
-45 -259 264 0
-260 264 0
-45 -260 265 0
-261 265 0
-45 -261 0
-46 266 0
-262 266 0
-46 -262 267 0
-263 267 0
-46 -263 268 0
-264 268 0
-46 -264 269 0
-265 269 0
-46 -265 0
-47 270 0
-266 270 0
-47 -266 271 0
-267 271 0
-47 -267 272 0
-268 272 0
-47 -268 273 0
-269 273 0
-47 -269 0
-48 274 0
-270 274 0
-48 -270 275 0
-271 275 0
-48 -271 276 0
-272 276 0
-48 -272 277 0
-273 277 0
-48 -273 0
-49 278 0
-274 278 0
-49 -274 279 0
-275 279 0
-49 -275 280 0
-276 280 0
-49 -276 281 0
-277 281 0
-49 -277 0
-50 282 0
-278 282 0
-50 -278 283 0
-279 283 0
-50 -279 284 0
-280 284 0
-50 -280 285 0
-281 285 0
-50 -281 0
-51 286 0
-282 286 0
-51 -282 287 0
-283 287 0
-51 -283 288 0
-284 288 0
-51 -284 289 0
-285 289 0
-51 -285 0
-52 290 0
-286 290 0
-52 -286 291 0
-287 291 0
-52 -287 292 0
-288 292 0
-52 -288 293 0
-289 293 0
-52 -289 0
-53 294 0
-290 294 0
-53 -290 295 0
-291 295 0
-53 -291 296 0
-292 296 0
-53 -292 297 0
-293 297 0
-53 -293 0
-54 298 0
-294 298 0
-54 -294 299 0
-295 299 0
-54 -295 300 0
-296 300 0
-54 -296 301 0
-297 301 0
-54 -297 0
-55 302 0
-298 302 0
-55 -298 303 0
-299 303 0
-55 -299 304 0
-300 304 0
-55 -300 305 0
-301 305 0
-55 -301 0
-56 306 0
-302 306 0
-56 -302 307 0
-303 307 0
-56 -303 308 0
-304 308 0
-56 -304 309 0
-305 309 0
-56 -305 0
-57 310 0
-306 310 0
-57 -306 311 0
-307 311 0
-57 -307 312 0
-308 312 0
-57 -308 313 0
-309 313 0
-57 -309 0
-58 314 0
-310 314 0
-58 -310 315 0
-311 315 0
-58 -311 316 0
-312 316 0
-58 -312 317 0
-313 317 0
-58 -313 0
-59 318 0
-314 318 0
-59 -314 319 0
-315 319 0
-59 -315 320 0
-316 320 0
-59 -316 321 0
-317 321 0
-59 -317 0
-60 322 0
-318 322 0
-60 -318 323 0
-319 323 0
-60 -319 324 0
-320 324 0
-60 -320 325 0
-321 325 0
-60 -321 0
-61 326 0
-322 326 0
-61 -322 327 0
-323 327 0
-61 -323 328 0
-324 328 0
-61 -324 329 0
-325 329 0
-61 -325 0
-62 330 0
-326 330 0
-62 -326 331 0
-327 331 0
-62 -327 332 0
-328 332 0
-62 -328 333 0
-329 333 0
-62 -329 0
-63 334 0
-330 334 0
-63 -330 335 0
-331 335 0
-63 -331 336 0
-332 336 0
-63 -332 337 0
-333 337 0
-63 -333 0
-64 338 0
-334 338 0
-64 -334 339 0
-335 339 0
-64 -335 340 0
-336 340 0
-64 -336 341 0
-337 341 0
-64 -337 0
-65 342 0
-338 342 0
-65 -338 343 0
-339 343 0
-65 -339 344 0
-340 344 0
-65 -340 345 0
-341 345 0
-65 -341 0
-66 346 0
-342 346 0
-66 -342 347 0
-343 347 0
-66 -343 348 0
-344 348 0
-66 -344 349 0
-345 349 0
-66 -345 0
-67 350 0
-346 350 0
-67 -346 351 0
-347 351 0
-67 -347 352 0
-348 352 0
-67 -348 353 0
-349 353 0
-67 -349 0
-68 354 0
-350 354 0
-68 -350 355 0
-351 355 0
-68 -351 356 0
-352 356 0
-68 -352 357 0
-353 357 0
-68 -353 0
-69 358 0
-354 358 0
-69 -354 359 0
-355 359 0
-69 -355 360 0
-356 360 0
-69 -356 361 0
-357 361 0
-69 -357 0
-70 362 0
-358 362 0
-70 -358 363 0
-359 363 0
-70 -359 364 0
-360 364 0
-70 -360 365 0
-361 365 0
-70 -361 0
-71 366 0
-362 366 0
-71 -362 367 0
-363 367 0
-71 -363 368 0
-364 368 0
-71 -364 369 0
-365 369 0
-71 -365 0
-72 370 0
-366 370 0
-72 -366 371 0
-367 371 0
-72 -367 372 0
-368 372 0
-72 -368 373 0
-369 373 0
-72 -369 0
-73 374 0
-370 374 0
-73 -370 375 0
-371 375 0
-73 -371 376 0
-372 376 0
-73 -372 377 0
-373 377 0
-73 -373 0
-74 378 0
-374 378 0
-74 -374 379 0
-375 379 0
-74 -375 380 0
-376 380 0
-74 -376 381 0
-377 381 0
-74 -377 0
-75 382 0
-378 382 0
-75 -378 383 0
-379 383 0
-75 -379 384 0
-380 384 0
-75 -380 385 0
-381 385 0
-75 -381 0
-76 386 0
-382 386 0
-76 -382 387 0
-383 387 0
-76 -383 388 0
-384 388 0
-76 -384 389 0
-385 389 0
-76 -385 0
-77 390 0
-386 390 0
-77 -386 391 0
-387 391 0
-77 -387 392 0
-388 392 0
-77 -388 393 0
-389 393 0
-77 -389 0
-78 394 0
-390 394 0
-78 -390 395 0
-391 395 0
-78 -391 396 0
-392 396 0
-78 -392 397 0
-393 397 0
-78 -393 0
-79 398 0
-394 398 0
-79 -394 399 0
-395 399 0
-79 -395 400 0
-396 400 0
-79 -396 401 0
-397 401 0
-79 -397 0
-80 402 0
-398 402 0
-80 -398 403 0
-399 403 0
-80 -399 404 0
-400 404 0
-80 -400 405 0
-401 405 0
-80 -401 0
-81 406 0
-402 406 0
-81 -402 407 0
-403 407 0
-81 -403 408 0
-404 408 0
-81 -404 409 0
-405 409 0
-81 -405 0
-82 410 0
-406 410 0
-82 -406 411 0
-407 411 0
-82 -407 412 0
-408 412 0
-82 -408 413 0
-409 413 0
-82 -409 0
-83 414 0
-410 414 0
-83 -410 415 0
-411 415 0
-83 -411 416 0
-412 416 0
-83 -412 417 0
-413 417 0
-83 -413 0
-84 418 0
-414 418 0
-84 -414 419 0
-415 419 0
-84 -415 420 0
-416 420 0
-84 -416 421 0
-417 421 0
-84 -417 0
-85 -421 0